_viz_0 = nengo_gui.components.Slider(pos)
_viz_config[_viz_0].max_value = 5
_viz_config[_viz_0].min_value = -5
_viz_config[_viz_0].x = 0.1388542963885429
_viz_config[_viz_0].y = 0.5380014598540149
_viz_config[_viz_0].width = 0.062266500622665005
_viz_config[_viz_0].height = 0.145985401459854
_viz_config[_viz_0].label_visible = True
_viz_1 = nengo_gui.components.SpikeGrid(ssp)
_viz_config[_viz_1].x = 0.682648401826484
_viz_config[_viz_1].y = 0.17048321167883204
_viz_config[_viz_1].width = 0.12453300124533001
_viz_config[_viz_1].height = 0.145985401459854
_viz_config[_viz_1].label_visible = True
_viz_2 = nengo_gui.components.Slider(index)
_viz_config[_viz_2].max_value = 1000
_viz_config[_viz_2].min_value = 0
_viz_config[_viz_2].x = 0.14237052230605812
_viz_config[_viz_2].y = 0.1807384250192868
_viz_config[_viz_2].width = 0.062266500622665005
_viz_config[_viz_2].height = 0.145985401459854
_viz_config[_viz_2].label_visible = True
_viz_3 = nengo_gui.components.HTMLView(spike_plot)
_viz_config[_viz_3].x = 0.633421238981271
_viz_config[_viz_3].y = 0.5749535576523649
_viz_config[_viz_3].width = 0.12453300124533001
_viz_config[_viz_3].height = 0.145985401459854
_viz_config[_viz_3].label_visible = True
_viz_net_graph = nengo_gui.components.NetGraph()
_viz_progress = nengo_gui.components.Progress()
_viz_config[_viz_progress].x = 0
_viz_config[_viz_progress].y = 0
_viz_config[_viz_progress].width = 100
_viz_config[_viz_progress].height = 100
_viz_config[_viz_progress].label_visible = True
_viz_sim_control = nengo_gui.components.SimControl()
_viz_config[_viz_sim_control].shown_time = 0.5
_viz_config[_viz_sim_control].kept_time = 4.0
_viz_config[index].pos=(0.12745098039215685, 0.14634146341463417)
_viz_config[index].size=(0.07843137254901959, 0.06504065040650407)
_viz_config[model].pos=(0, 0)
_viz_config[model].size=(1.0, 1.0)
_viz_config[model].expanded=True
_viz_config[model].has_layout=True
_viz_config[pos].pos=(0.12745098039215685, 0.853658536585366)
_viz_config[pos].size=(0.07843137254901959, 0.06504065040650407)
_viz_config[spike_plot].pos=(0.876285009645203, 0.6178861788617886)
_viz_config[spike_plot].size=(0.07843137254901959, 0.06504065040650407)
_viz_config[ssp].pos=(0.4414694894146946, 0.5478195279601177)
_viz_config[ssp].size=(0.09803921568627451, 0.0813008130081301)