_viz_0 = nengo_gui.components.HTMLView(heatmap_node)
_viz_config[_viz_0].x = 0.5533329613510392
_viz_config[_viz_0].y = 0.6978720071471111
_viz_config[_viz_0].width = 0.09578544061302682
_viz_config[_viz_0].height = 0.136986301369863
_viz_config[_viz_0].label_visible = True
_viz_1 = nengo_gui.components.HTMLView(memory_heatmap_node)
_viz_config[_viz_1].x = 0.5504407990179668
_viz_config[_viz_1].y = 0.28121435378201304
_viz_config[_viz_1].width = 0.09578544061302682
_viz_config[_viz_1].height = 0.136986301369863
_viz_config[_viz_1].label_visible = True
_viz_net_graph = nengo_gui.components.NetGraph()
_viz_progress = nengo_gui.components.Progress()
_viz_config[_viz_progress].x = 0
_viz_config[_viz_progress].y = 0
_viz_config[_viz_progress].width = 100
_viz_config[_viz_progress].height = 100
_viz_config[_viz_progress].label_visible = True
_viz_sim_control = nengo_gui.components.SimControl()
_viz_config[_viz_sim_control].shown_time = 0.5
_viz_config[_viz_sim_control].kept_time = 4.0
_viz_config[cconv_bind].pos=(0.5097087378640777, 0.4130434782608695)
_viz_config[cconv_bind].size=(0.09708737864077671, 0.21739130434782608)
_viz_config[cconv_bind].expanded=False
_viz_config[cconv_bind].has_layout=False
_viz_config[cconv_bind.product].expanded=False
_viz_config[cconv_bind.product].has_layout=False
_viz_config[cconv_bind.product.sq1].expanded=False
_viz_config[cconv_bind.product.sq1].has_layout=False
_viz_config[cconv_bind.product.sq2].expanded=False
_viz_config[cconv_bind.product.sq2].has_layout=False
_viz_config[heatmap_node].pos=(0.5097087378640777, 0.8913043478260869)
_viz_config[heatmap_node].size=(0.03883495145631068, 0.043478260869565216)
_viz_config[item_input].pos=(0.5, 0.09782608695652173)
_viz_config[item_input].size=(0.3076923076923077, 0.043478260869565216)
_viz_config[memory].pos=(0.7524271844660195, 0.4130434782608695)
_viz_config[memory].size=(0.048543689320388356, 0.05434782608695652)
_viz_config[memory_heatmap_node].pos=(0.9368932038834952, 0.4130434782608695)
_viz_config[memory_heatmap_node].size=(0.03883495145631068, 0.043478260869565216)
_viz_config[model].pos=(0, 0)
_viz_config[model].size=(1.0, 1.0)
_viz_config[model].expanded=True
_viz_config[model].has_layout=True
_viz_config[pos_2d].pos=(0.07281553398058252, 0.8913043478260869)
_viz_config[pos_2d].size=(0.03883495145631068, 0.043478260869565216)
_viz_config[ssp_loc].pos=(0.2669902912621359, 0.8913043478260869)
_viz_config[ssp_loc].size=(0.048543689320388356, 0.05434782608695652)
_viz_config[true_item].pos=(0.07281553398058252, 0.4130434782608695)
_viz_config[true_item].size=(0.048543689320388356, 0.05434782608695652)