_viz_1 = nengo_gui.components.Slider(direction_node)
_viz_config[_viz_1].max_value = 1
_viz_config[_viz_1].min_value = -1
_viz_config[_viz_1].x = 0.08213653354318314
_viz_config[_viz_1].y = 0.5604402033058805
_viz_config[_viz_1].width = 0.042625745950554135
_viz_config[_viz_1].height = 0.12886597938144329
_viz_config[_viz_1].label_visible = True
_viz_2 = nengo_gui.components.HTMLView(location_heatmap_node)
_viz_config[_viz_2].x = 0.7633521636079179
_viz_config[_viz_2].y = 0.13436979671157218
_viz_config[_viz_2].width = 0.08525149190110827
_viz_config[_viz_2].height = 0.12886597938144329
_viz_config[_viz_2].label_visible = True
_viz_3 = nengo_gui.components.HTMLView(direction_heatmap_node)
_viz_config[_viz_3].x = 0.7411867757136298
_viz_config[_viz_3].y = 0.7692110334759217
_viz_config[_viz_3].width = 0.08525149190110827
_viz_config[_viz_3].height = 0.12886597938144329
_viz_config[_viz_3].label_visible = True
_viz_net_graph = nengo_gui.components.NetGraph()
_viz_progress = nengo_gui.components.Progress()
_viz_config[_viz_progress].x = 0
_viz_config[_viz_progress].y = 0
_viz_config[_viz_progress].width = 100
_viz_config[_viz_progress].height = 100
_viz_config[_viz_progress].label_visible = True
_viz_sim_control = nengo_gui.components.SimControl()
_viz_config[_viz_sim_control].shown_time = 0.5
_viz_config[_viz_sim_control].kept_time = 4.0
_viz_config[cconv].pos=(0.6234567901234568, 0.6044776119402985)
_viz_config[cconv].size=(0.12345679012345678, 0.1492537313432836)
_viz_config[cconv].expanded=False
_viz_config[cconv].has_layout=False
_viz_config[cconv.product].expanded=False
_viz_config[cconv.product].has_layout=False
_viz_config[cconv.product.sq1].expanded=False
_viz_config[cconv.product.sq1].has_layout=False
_viz_config[cconv.product.sq2].expanded=False
_viz_config[cconv.product.sq2].has_layout=False
_viz_config[direction_heatmap_node].pos=(0.6234567901234568, 0.9328358208955224)
_viz_config[direction_heatmap_node].size=(0.04938271604938271, 0.029850746268656716)
_viz_config[direction_node].pos=(0.08024691358024691, 0.7686567164179104)
_viz_config[direction_node].size=(0.04938271604938271, 0.029850746268656716)
_viz_config[direction_ssp].pos=(0.31481481481481477, 0.7686567164179104)
_viz_config[direction_ssp].size=(0.06172839506172839, 0.0373134328358209)
_viz_config[initial_stim].pos=(0.08024691358024691, 0.3358208955223881)
_viz_config[initial_stim].size=(0.04938271604938271, 0.029850746268656716)
_viz_config[location_heatmap_node].pos=(0.6234567901234568, 0.06716417910447761)
_viz_config[location_heatmap_node].size=(0.04938271604938271, 0.029850746268656716)
_viz_config[location_ssp].pos=(0.31481481481481477, 0.3358208955223881)
_viz_config[location_ssp].size=(0.06172839506172839, 0.0373134328358209)
_viz_config[model].pos=(0, 0)
_viz_config[model].size=(1.0, 1.0)
_viz_config[model].expanded=True
_viz_config[model].has_layout=True
_viz_config[spatial_cleanup].pos=(0.9197530864197532, 0.44029850746268656)
_viz_config[spatial_cleanup].size=(0.04938271604938271, 0.029850746268656716)